kinematics:
  shoulder:
    x: 0
    y: 0
    z: 0.16237683587919366
    roll: -0
    pitch: 0
    yaw: 1.3781978155935626e-08
  upper_arm:
    x: 0.00021668152006126256
    y: 0
    z: 0
    roll: 1.563242876608254
    pitch: 0
    yaw: -2.6653454387165873e-06
  forearm:
    x: -0.42515253171852452
    y: 0
    z: 0
    roll: 0.0010875455689877934
    pitch: -0.00093920857641038825
    yaw: 1.9777741548496179e-05
  wrist_1:
    x: -0.39249246923041459
    y: -0.00094333583933735603
    z: 0.13333019716923863
    roll: 0.0070750671585194666
    pitch: 0.00060981153426617073
    yaw: -2.3786484401495416e-05
  wrist_2:
    x: 7.2977070928974814e-05
    y: -0.099810046465259164
    z: 5.0274798234703393e-05
    roll: 1.570292622050101
    pitch: 0
    yaw: 3.3484998931618271e-06
  wrist_3:
    x: -4.5241972263711992e-06
    y: 0.099687545762452701
    z: 8.1549165729489053e-05
    roll: 1.5716143742943591
    pitch: 3.1415926535897931
    yaw: 3.1415924875449646
  hash: calib_12562471076563851805